型番,0:00,1:00,2:00,3:00,4:00,5:00,6:00,7:00,8:00,9:00,10:00,11:00,12:00,13:00,14:00,15:00,16:00,17:00,18:00,19:00,20:00,21:00,22:00,23:00
AA01,1.3286,2.6093,4.8749,8.6633,14.645,23.5493,36.0208,52.41,72.5371,95.4973,119.5934,142.4652,161.4342,174.0074,178.4124,174.0074,161.4342,142.4652,119.5934,95.4973,72.5371,52.41,36.0208,23.5493
AA02,2.5635,4.3674,7.1851,11.4147,17.5114,25.9418,37.111,51.266,68.388,88.0955,109.585,131.6353,152.6924,171.0354,185.0028,193.2388,194.9099,189.8442,178.56,162.1791,142.2424,120.4723,98.53,77.8169
AB01,211.4369,218.5991,221.2795,219.3107,212.8157,202.1963,188.0912,171.3125,152.769,133.3849,114.026,-,78.2123,62.7551,49.3001,37.9204,28.5577,21.0571,15.202,10.7455,7.4367,5.0392,3.3432,2.1717
AB02,279.5673,281.8128,281.8128,279.5673,275.1298,268.6053,260.146,249.9456,238.2316,225.2573,211.2924,196.6141,181.4977,166.2085,150.9945,136.08,121.6616,107.9041,94.9398,82.8675,71.754,61.6358,52.5226,44.4002
BA01,199.8242,214.4782,228.1853,240.6366,251.539,260.6264,267.6709,272.4917,274.9634,275.0212,272.6634,267.9521,261.0098,252.0149,241.1932,228.8091,215.1549,200.5389,185.2744,169.6688,154.0132,138.5745,-,109.2554
BB01,69.3192,96.5482,123.2533,144.2174,154.6682,152.0367,136.981,113.1192,85.6203,59.3993,37.7703,22.0132,11.7593,5.7576,2.5839,-,0.4007,0.1385,0.0439,0.0127,0.0034,0.0008,0.0002,0
 
AA01の合計は1965.5629です
AA02の合計は2421.5889です
AB01の合計は2366.9628です
AB02の合計は4320.4486です
BA01の合計は5181.5595です
BB01の合計は1215.6473です